1000 0 9.571929 37.000000
1003 23 26.134516 63.000000
1002 22 8.560047 92.000000
1001 1 25.650549 118.000000
1004 44 42.415886 161.000000
1007 145 20.137875 303.000000
1009 188 23.002377 327.000000
1006 110 30.165474 357.000000
1008 183 35.208736 392.000000
1005 105 20.118176 413.000000
1010 290 17.159267 431.000000
1013 370 14.135837 445.000000
1011 320 27.688059 472.000000
1014 385 156.461807 629.000000
1012 355 5.973565 635.000000
1015 397 26.506563 662.000000
1019 514 9.579488 672.000000
1020 523 2.843379 675.000000
1021 533 15.042583 690.000000
1018 496 49.926830 740.000000
1017 454 37.669533 817.000000
1016 407 19.368534 837.000000
1022 654 12.908772 850.000000
1023 689 84.755661 934.000000
1024 749 10.718434 946.000000
1025 849 57.787121 1004.000000
1026 851 7.732450 1012.000000
1028 871 0.404646 1012.000000
1027 860 100.359650 1112.000000
1029 942 111.339485 1225.000000
1031 983 56.291714 1281.000000
1032 984 0.465955 1282.000000
1033 992 10.417631 1292.000000
1034 1020 82.211014 1374.000000
1030 966 43.723953 1418.000000
1049 1495 34.221504 1646.000000
1051 1522 31.399206 1678.000000
1052 1551 3.511068 1681.000000
1054 1579 11.980034 1694.000000
1050 1516 18.497761 1713.000000
1046 1404 27.819683 1740.000000
1041 1278 56.369534 1797.000000
1042 1331 18.321877 1815.000000
1043 1335 28.288498 1843.000000
1044 1337 18.391092 1863.000000
1045 1361 28.304956 1891.000000
1048 1455 32.007683 1923.000000
1053 1560 7.167934 1930.000000
1055 1595 5.763140 1936.000000
1047 1437 15.494933 1951.000000
1056 1605 1.402882 1953.000000
1040 1272 22.249149 1975.000000
1039 1263 28.010057 2003.000000
1038 1258 31.370537 2036.000000
1037 1244 26.570871 2063.000000
1036 1180 26.885525 2090.000000
1035 1118 28.728951 2119.000000
1057 1627 6.027243 2125.000000
1060 1817 46.309639 2171.000000
1058 1697 30.205540 2201.000000
1059 1811 29.485060 2231.000000
1062 1869 19.426210 2250.000000
1063 1940 20.223989 2270.000000
1064 1957 0.128452 2271.000000
1065 1968 55.136486 2327.000000
1061 1869 7.549375 2334.000000
1066 1981 25.068502 2359.000000
1068 2152 12.435265 2373.000000
1067 2117 21.034332 2394.000000
1069 2200 0.218697 2395.000000
1075 2730 6.314025 2867.000000
1074 2682 28.496078 2896.000000
1072 2649 15.107654 2911.000000
1070 2407 22.917744 2934.000000
1085 3067 10.856166 3211.000000
1086 3069 41.514763 3252.000000
1087 3102 7.975116 3260.000000
1088 3116 87.723244 3348.000000
1082 3017 45.306454 3393.000000
1080 2948 21.491875 3415.000000
1079 2909 17.169001 3432.000000
1078 2897 35.943001 3468.000000
1077 2865 12.724907 3480.000000
1083 3034 15.716734 3496.000000
1084 3043 50.675949 3547.000000
1089 3168 21.821661 3570.000000
1090 3173 26.733364 3596.000000
1081 2990 12.147020 3610.000000
1076 2780 3.588360 3613.000000
1073 2663 3.840162 3617.000000
1071 2642 16.622305 3634.000000
1093 3276 3.463761 3637.000000
1095 3313 32.466198 3670.000000
1096 3318 19.170134 3689.000000
1098 3342 102.596878 3791.000000
1099 3397 34.221504 3826.000000
1100 3416 75.434547 3901.000000
1097 3340 11.084485 3912.000000
1101 3427 0.823292 3913.000000
1102 3437 48.998405 3962.000000
1103 3451 25.142494 3987.000000
1104 3452 73.655113 4061.000000
1105 3495 51.612583 4112.000000
1106 3497 3.333538 4116.000000
1107 3507 4.910002 4121.000000
1108 3519 17.333342 4138.000000
1109 3524 8.032500 4146.000000
1110 3530 5.402520 4151.000000
1111 3544 34.359333 4186.000000
1094 3303 78.543854 4265.000000
1092 3222 15.128871 4689.000000
1091 3217 25.732468 4716.000000
1112 3559 0.753736 4773.000000
1115 3652 39.914288 5026.000000
1116 3669 62.375008 5089.000000
1117 3695 35.812820 5125.000000
1118 3736 62.083530 5187.000000
1119 3748 20.180901 5207.000000
1120 3763 13.368420 5221.000000
1121 3803 2.353177 5223.000000
1122 3847 1.345374 5224.000000
1123 3959 14.135837 5238.000000
1124 3975 65.505737 5304.000000
1125 3984 1.208756 5305.000000
1126 3991 42.434715 5348.000000
1127 4005 3.398066 5351.000000
1128 4013 4.929419 5356.000000
1129 4041 10.249664 5366.000000
1114 3616 12.625724 5379.000000
1113 3612 21.677994 5400.000000
1130 4065 18.722492 5419.000000
1133 4141 16.665356 5436.000000
1135 4336 5.092801 5441.000000
1136 4369 6.194480 5447.000000
1138 4381 30.167974 5477.000000
1139 4415 48.984344 5526.000000
1140 4436 7.899965 5534.000000
1141 4444 17.005556 5551.000000
1142 4536 14.962573 5566.000000
1143 4548 30.624420 5598.000000
1144 4559 34.024487 5632.000000
1145 4579 25.104420 5657.000000
1146 4608 7.825002 5665.000000
1137 4370 74.531639 5739.000000
1134 4244 19.263948 5758.000000
1132 4113 41.720043 5800.000000
1131 4105 2.534944 5803.000000
1147 4685 11.479210 5814.000000
1149 4772 76.435600 5891.000000
1148 4761 18.445225 5909.000000
1152 4961 4.628793 5914.000000
1151 4960 50.879913 5965.000000
1150 4902 18.821774 5983.000000
1153 4993 25.650549 6009.000000
1154 4999 17.828512 6027.000000
1155 5016 2.691770 6030.000000
1156 5044 49.068813 6079.000000
1157 5115 75.096962 6154.000000
1158 5121 3.330469 6157.000000
1159 5139 2.381908 6159.000000
1160 5149 9.637502 6169.000000
1161 5204 62.170677 6231.000000
1162 5207 64.490852 6296.000000
1163 5223 4.574359 6301.000000
1164 5244 42.220764 6344.000000
1165 5258 19.849051 6364.000000
1185 5847 7.895200 6372.000000
1196 6118 12.987715 6385.000000
1167 5334 50.537453 6437.000000
1168 5362 51.505360 6488.000000
1169 5373 62.083530 6550.000000
1170 5386 15.390761 6637.000000
1171 5411 97.559433 6734.000000
1172 5451 46.211216 6781.000000
1173 5497 26.993399 6809.000000
1174 5500 9.470069 6818.000000
1175 5507 11.016996 6829.000000
1176 5554 18.173853 6847.000000
1181 5757 0.220542 6847.000000
1182 5805 46.806660 6895.000000
1183 5810 26.539808 6922.000000
1180 5751 8.162017 6930.000000
1179 5626 12.478256 6942.000000
1178 5599 0.408358 6944.000000
1177 5593 12.097649 6956.000000
1166 5268 1.702745 6958.000000
1184 5830 31.837860 6990.000000
1186 5858 42.012043 7032.000000
1188 5941 6.485146 7039.000000
1187 5881 9.306063 7048.000000
1189 5944 4.851827 7053.000000
1190 5958 28.255606 7081.000000
1191 5969 11.432265 7093.000000
1192 5985 25.618273 7118.000000
1193 6083 31.909386 7150.000000
1194 6104 24.032949 7174.000000
1195 6107 47.853176 7222.000000
1197 6172 117.012070 7339.000000
1198 6272 24.801535 7364.000000
1199 6329 32.857826 7398.000000
1201 6380 32.293766 7431.000000
1200 6373 76.883545 7834.000000
1207 6621 6.057478 7916.000000
1206 6593 6.226012 7922.000000
1205 6586 61.466286 7984.000000
1204 6530 67.987045 8052.000000
1203 6451 80.434860 8132.000000
1202 6449 3.423711 8137.000000
1214 6755 28.175875 8165.000000
1209 6657 4.919709 8170.000000
1210 6667 44.283604 8214.000000
1211 6702 20.094910 8234.000000
1212 6718 14.420241 8250.000000
1208 6655 54.129604 8304.000000
1215 6780 33.665199 8338.000000
1213 6722 19.794098 8358.000000
1217 6821 43.105137 8402.000000
1219 6848 115.771118 8518.000000
1222 6942 15.862411 8534.000000
1218 6846 15.899719 8550.000000
1216 6800 41.584251 8591.000000
1229 7023 6.422704 8598.000000
1226 6966 10.420222 8608.000000
1224 6955 9.958605 8618.000000
1227 6986 19.827766 8638.000000
1228 6991 18.460468 8657.000000
1225 6963 38.546722 8695.000000
1221 6936 30.426868 8725.000000
1230 7032 21.364698 8747.000000
1220 6903 27.495132 8775.000000
1223 6950 2.397772 8778.000000
1236 7337 58.608917 8836.000000
1234 7277 92.982269 8930.000000
1247 7676 18.018208 8948.000000
1242 7565 2.489151 8951.000000
1241 7564 60.487862 9011.000000
1240 7545 48.876759 9060.000000
1239 7533 9.205101 9069.000000
1238 7512 0.960052 9070.000000
1237 7496 75.902153 9147.000000
1251 7804 45.833370 9193.000000
1252 7837 2.081102 9195.000000
1250 7786 13.999749 9209.000000
1243 7600 88.273720 9297.000000
1244 7618 24.597139 9322.000000
1245 7647 14.251925 9336.000000
1246 7673 6.214747 9343.000000
1248 7684 46.585224 9389.000000
1249 7720 14.549331 9404.000000
1235 7318 22.385929 9426.000000
1231 7174 12.119582 9438.000000
1232 7206 3.216105 9441.000000
1233 7274 40.389050 9482.000000
1253 7915 46.305351 9528.000000
1260 8066 20.771536 9549.000000
1259 8063 4.405285 9553.000000
1257 7980 33.390865 9587.000000
1256 7963 4.241376 9591.000000
1255 7934 3.299793 9594.000000
1254 7934 4.714379 9599.000000
1258 8012 17.206347 9616.000000
1261 8067 69.769386 9686.000000
1262 8140 72.096588 9759.000000
1264 8263 18.710533 9778.000000
1263 8257 83.412041 9862.000000
1267 8437 1.691119 9865.000000
1268 8446 18.845787 9885.000000
1269 8457 67.705849 9953.000000
1270 8469 6.383036 10008.000000
1271 8488 1.524009 10206.000000
1272 8510 55.402279 10263.000000
1273 8531 51.515553 10314.000000
1274 8651 0.426925 10489.000000
1275 8676 15.471923 10505.000000
1276 8738 85.300987 10590.000000
1266 8397 30.956594 10622.000000
1265 8363 2.575820 10625.000000
1280 8785 29.548733 10654.000000
1281 8802 50.468441 10705.000000
1278 8765 10.182740 10715.000000
1277 8765 7.528187 10723.000000
1279 8768 47.025352 10770.000000
1285 8894 20.842979 10790.000000
1286 8918 91.826744 10882.000000
1287 8992 31.237970 10914.000000
1288 9007 13.143391 10927.000000
1289 9052 26.818300 10954.000000
1284 8859 4.531735 10958.000000
1283 8859 40.357395 10998.000000
1282 8840 2.802138 11013.000000
1292 9153 14.905338 11028.000000
1293 9187 14.713347 11043.000000
1294 9192 9.717140 11053.000000
1295 9306 3.341724 11056.000000
1296 9365 28.824522 11085.000000
1297 9389 4.999639 11090.000000
1298 9432 14.112380 11104.000000
1299 9462 11.969116 11117.000000
1300 9497 0.478046 11117.000000
1301 9510 17.951511 11136.000000
1302 9512 24.394129 11161.000000
1303 9535 23.091200 11184.000000
1291 9126 6.373976 11190.000000
1290 9073 49.276295 11239.000000
1304 9566 81.028938 11320.000000
1308 9728 6.630971 11327.000000
1307 9619 1.250726 11329.000000
1306 9575 4.917551 11334.000000
1309 9747 1.340587 11336.000000
1305 9569 57.686745 11393.000000
1313 10001 9.377314 11404.000000
1312 9978 29.185654 11433.000000
1311 9966 2.086990 11435.000000
1310 9946 5.762030 11441.000000
1317 10151 6.134886 11447.000000
1316 10142 59.969784 11507.000000
1315 10141 15.777089 11523.000000
1314 10121 21.488125 11544.000000
1318 10164 19.182280 11564.000000
1319 10206 18.116856 11582.000000
1328 10470 33.196442 11615.000000
1327 10442 94.976707 11710.000000
1326 10410 29.377611 11740.000000
1325 10371 16.767653 11757.000000
1322 10249 39.239639 11796.000000
1321 10233 2.294808 11798.000000
1320 10231 34.526722 11833.000000
1323 10289 26.296858 11860.000000
1324 10327 24.303425 11884.000000
1329 10481 75.879173 11960.000000
1330 10482 57.103722 12018.000000
1334 10552 21.698746 12040.000000
1336 10580 24.501678 12064.000000
1335 10560 7.616569 12072.000000
1333 10543 40.374977 12112.000000
1332 10537 10.756411 12123.000000
1331 10504 32.269600 12155.000000
1342 10812 28.377958 12184.000000
1350 10947 55.332714 12239.000000
1351 10997 44.247570 12283.000000
1346 10894 2.855460 12286.000000
1347 10909 57.319481 12344.000000
1348 10921 46.104599 12390.000000
1337 10638 11.079186 12401.000000
1338 10642 25.106533 12426.000000
1343 10849 4.943450 12431.000000
1339 10653 23.724485 12455.000000
1340 10675 20.738619 12475.000000
1344 10873 30.000761 12505.000000
1341 10681 13.993910 12519.000000
1345 10891 18.722492 12538.000000
1349 10940 40.771488 12579.000000
1353 11054 7.122625 12586.000000
1354 11093 0.977073 12587.000000
1355 11102 41.489201 12628.000000
1352 11034 12.966549 12642.000000
1356 11228 72.422348 12715.000000
1359 11464 3.770524 12719.000000
1360 11532 7.725342 12726.000000
1361 11545 56.785999 12783.000000
1358 11459 18.844072 12802.000000
1357 11396 10.833824 12813.000000
1362 11583 9.515298 12822.000000
1363 11583 57.963593 12880.000000
1364 11609 28.858044 12909.000000
1365 11623 16.220293 12925.000000
1366 11623 93.186073 13018.000000
1367 11649 3.483292 13022.000000
1368 11666 36.174473 13058.000000
1369 11703 0.825174 13059.000000
1370 11817 54.527184 13114.000000
1372 11890 21.644068 13136.000000
1373 11897 8.171633 13144.000000
1371 11848 3.344795 13148.000000
1375 12050 16.270643 13164.000000
1376 12064 0.432498 13164.000000
1377 12065 28.891603 13193.000000
1378 12206 45.215397 13239.000000
1379 12226 29.752907 13269.000000
1380 12228 87.740295 13357.000000
1381 12260 25.988287 13383.000000
1382 12385 36.150024 13419.000000
1383 12445 12.862348 13432.000000
1384 12513 2.798117 13435.000000
1374 12018 59.460503 13494.000000
1387 12615 29.275406 13524.000000
1388 12631 62.981537 13587.000000
1386 12584 1.222104 13589.000000
1385 12577 27.178583 13616.000000
1392 12707 15.229093 13632.000000
1393 12718 71.425781 13704.000000
1394 12736 12.422796 13716.000000
1395 12742 7.771572 13725.000000
1396 12754 42.851971 13768.000000
1397 12863 30.528015 13798.000000
1398 12938 9.291084 13941.000000
1399 12943 35.253178 13977.000000
1400 12953 55.448746 14301.000000
1401 12959 12.955267 14314.000000
1402 12966 1.201132 14316.000000
1403 13006 15.491864 14333.000000
1404 13025 15.977592 14350.000000
1405 13045 5.588354 14362.000000
1391 12673 37.077660 14399.000000
1390 12668 50.849979 14451.000000
1389 12656 47.078075 14891.000000
1409 13156 17.788729 14989.000000
1410 13159 0.777217 15181.000000
1411 13192 48.404236 15406.000000
1408 13125 29.511982 15438.000000
1407 13105 40.448925 15479.000000
1406 13065 35.140717 15514.000000
1412 13266 67.220009 15582.000000
1413 13294 27.374039 15609.000000
1414 13296 6.184352 15615.000000
1415 13303 17.065329 15632.000000
1416 13343 4.192904 15636.000000
1417 13361 11.520852 15648.000000
1418 13367 25.988287 15674.000000
1419 13394 30.751745 15705.000000
1420 13415 14.143171 15719.000000
1421 13420 5.716578 15725.000000
1424 13497 46.797947 15771.000000
1425 13508 24.738817 15796.000000
1426 13524 8.784978 15805.000000
1423 13480 13.143391 15818.000000
1422 13433 6.246300 15824.000000
1430 13600 12.324605 15837.000000
1429 13596 1.750265 15838.000000
1428 13569 0.718081 15839.000000
1427 13558 26.653122 15866.000000
1431 13708 102.290611 15968.000000
1438 13932 13.332702 15981.000000
1437 13914 6.570505 15988.000000
1436 13896 60.261806 16048.000000
1435 13800 29.470385 16078.000000
1432 13722 101.796089 16179.000000
1449 14204 107.644135 16287.000000
1447 14096 44.707256 16332.000000
1445 14057 6.856799 16339.000000
1443 14025 78.783302 16417.000000
1441 14004 5.523346 16423.000000
1450 14223 112.955261 16536.000000
1451 14235 40.294193 16576.000000
1448 14107 6.975552 16583.000000
1446 14067 83.693871 16667.000000
1444 14025 33.415955 16700.000000
1442 14016 45.888268 16746.000000
1440 13997 52.248428 16798.000000
1433 13732 3.876605 16802.000000
1439 13994 20.204231 16822.000000
1434 13797 41.372623 16864.000000
1452 14246 52.426598 16916.000000
1453 14350 7.745485 16924.000000
1454 14383 27.108440 16952.000000
1460 14603 6.799321 16959.000000
1461 14612 52.521351 17011.000000
1462 14620 24.326075 17036.000000
1463 14645 17.121981 17053.000000
1464 14669 24.266397 17077.000000
1465 14690 34.235832 17111.000000
1466 14716 1.240228 17113.000000
1467 14747 18.360685 17131.000000
1459 14586 8.513803 17140.000000
1458 14561 37.911537 17177.000000
1457 14551 45.207130 17223.000000
1456 14429 21.387102 17244.000000
1455 14426 5.850916 17250.000000
1481 15168 31.321081 17281.000000
1482 15180 1.796888 17283.000000
1480 15134 24.128977 17307.000000
1483 15206 13.014547 17320.000000
1479 15129 28.968452 17349.000000
1478 15113 3.019036 17352.000000
1470 14861 30.010717 17382.000000
1471 14880 23.357269 17406.000000
1472 14962 18.919664 17424.000000
1473 14963 20.651016 17445.000000
1474 14968 20.973482 17466.000000
1475 14971 2.183333 17468.000000
1484 15218 4.771215 17473.000000
1485 15254 7.965562 17481.000000
1486 15276 24.006445 17505.000000
1477 15112 10.759032 17516.000000
1487 15283 48.248367 17564.000000
1488 15287 5.418968 17569.000000
1492 15335 26.941662 17596.000000
1489 15307 0.749981 17597.000000
1476 15083 52.395077 17649.000000
1491 15334 0.421354 17650.000000
1490 15316 80.155418 17730.000000
1494 15375 49.970383 17780.000000
1469 14846 56.495674 17837.000000
1468 14844 1.307097 17838.000000
1493 15363 27.625912 17865.000000
1499 15649 2.678753 17868.000000
1498 15578 20.340998 17888.000000
1495 15495 2.932089 17891.000000
1496 15500 26.728903 17918.000000
1497 15566 61.310402 17979.000000
